100
635 54
555 27
712 1
1000 97
1000 98
1000 2
424 35
1000 3
3 10
930 46
2 2
616 91
824 54
29 97
2 36
103 5
1000 95
508 54
413 35
908 56
2 96
277 79
838 46
254 30
95 37
959 86
665 37
355 11
716 10
875 93
2 50
124 68
2 98
239 20
871 75
2 4
462 18
1000 4
582 60
981 68
911 80
171 6
537 11
317 36
924 39
918 38
551 71
2 5
823 3
808 71
226 22
659 89
120 75
2 97
494 92
398 61
5 75
837 81
2 3
289 48
509 10
522 40
443 91
500 44
633 94
950 95
865 23
428 98
387 98
915 30
921 39
30 46
2 99
2 95
2 1
758 85
440 28
289 65
492 78
642 34
13 37
1000 99
383 4
728 33
684 94
373 46
397 40
592 91
793 69
452 71
1000 5
81 39
906 56
958 86
912 68
1000 1
755 11
1000 96
270 26
451 5
